0 0.405263 0.466403 0.100000 0.094862
0 0.488158 0.472332 0.039474 0.098814
0 0.669737 0.486166 0.102632 0.086957
0 0.077632 0.675889 0.065789 0.102767
0 0.928947 0.802372 0.136842 0.205534
0 0.638158 0.330040 0.060526 0.083004
0 0.380263 0.343874 0.044737 0.094862
0 0.476316 0.343874 0.047368 0.094862
3 0.5868421052631579 0.5276679841897233 0.06842105263157895 0.14624505928853754
3 0.056578947368421055 0.7687747035573123 0.11315789473684211 0.1383399209486166
3 0.12236842105263158 0.31620553359683795 0.05526315789473684 0.11067193675889328
